202.6820661
959.0154262
284.7498867
390.6459283
43.46845224
211.010606
935.4097425
410.204801
218.7177129
297.3589625
192.6471253
729.1635599
245.5552578
83.85573001
527.2789163
940.8128254
532.9481396
957.8387691
506.6145624
273.2088581
794.8015966
668.0660048
505.5360512
555.4689332
664.0414993
792.0391311
561.6336915
91.61802381
932.1517856
40.6428928
676.3073595
33.20462806
7.5810544
849.2270597
485.8143968
659.2851292
511.6279498
349.7661842
504.5649399
696.0095984
411.8604157
870.4900184
77.53603235
437.9241218
730.8188221
567.3850454
769.4964661
969.2386344
661.6987579
656.2257468
165.8037055
225.6905162
872.9041802
984.3018318
962.8559789
986.2686947
889.80725
357.7653653
785.8512406
138.9443096
704.7461597
123.5298944
387.3267645
725.6878536
185.238046
993.9110539
752.0218701
339.4351816
425.5786846
997.7063894
161.9277594
419.2971765
918.4470051
743.1694788
459.9580784
870.1914908
310.8263822
886.3417185
591.4945487
219.2068893
552.5015534
812.4624311
0.131802452
213.3938543
445.5839925
58.68646467
607.2665969
362.3079408
959.9646119
933.095444
914.7461373
433.5150377
192.2878411
117.9973552
235.6112796
320.4004674
514.9862187
784.7663942
180.039878
19.00717302
287.1103471
892.9834088
301.916736
674.2600571
480.1338808
898.3944744
246.0262328
785.8175635
709.6089937
52.21340127
826.684281
699.9233575
457.4928449
838.5515216
215.6967778
456.0143966
720.1608314
867.2661431
820.8516446
905.4742337
923.5678064
716.2765413
495.7220395
774.8034535
709.7140057
800.4046066
437.3787386
6.611473529
117.5169854
333.0546897
500.6798888
279.2173538
756.3873451
842.5551803
686.1265552
79.27964353
802.2500521
506.7422471
242.8430048
81.75825048
33.44944664
777.3735712
169.0609347
877.6441591
667.9210449
380.2185247
889.5567632
282.2755364
463.2081994
797.1780297
542.8123204
555.6917762
397.3476237
763.5460216
620.2385188
871.3595013
261.3424884
146.5317991
665.6226512
280.7378759
662.887705
810.4203022
365.0299558
238.5325658
266.2067126
719.2556483
635.7106191
477.121725
574.304976
579.6904581
257.1332887
648.5188163
197.6400778
784.651758
178.0868982
688.3710025
347.1544467
282.7318396
880.8629515
298.8738326
239.81114
268.7203933
86.85010369
296.1167086
211.2191741
267.4519134
647.4439232
822.2551208
592.6295822
266.1504143
679.994959
584.0399462
828.5295308
39.71080599
880.5876037
346.615421
886.2559028
708.8650081
473.7641081
885.1316851
740.4963843
872.9375147
443.8770505
476.5992238
603.2405876
366.9038936
533.5744637
800.5465592
613.6890603
806.7232494
991.992455
809.4243394
902.8239579
607.4230185
208.5495046
728.3324538
303.7897317
85.17310389
177.8081692
848.5295637
491.9278722
587.5934227
206.6889577
190.3166297
7.255307785
335.7972428
397.3926437
428.269753
437.3705554
807.1801776
217.7067037
695.4298196
20.21810006
39.72284118
904.9423152
12.93933183
63.83583035
196.5826056
540.5685729
127.7497963
874.1564217
94.00808955
379.6809441
483.4058804
332.1281075
166.1174559
422.7610127
897.5450812
867.8665672
516.8396568
276.7555224
274.6346976
342.2439974
292.325728
68.32200077
343.6006864
265.2672496
596.3944107
544.1599479
977.3857581
855.7923862
567.0849447
521.6653296
125.1067315
678.5677823
34.14725797
537.7178301
767.3643518
982.2937274
385.3075892
884.2297012
591.3912096
406.3314207
883.4057312
216.1556612
275.1064454
423.8899803
697.0073506
570.9837949
367.7784808
745.9647697
333.8531778
948.2974272
759.8803303
922.9964621
999.5143477
563.8183698
645.8541941
550.1648432
642.881216
514.4122574
700.8854692
807.4269324
95.62040205
868.8570607
916.4185074
546.8548541
764.4932152
133.7459857
169.0300528
777.5229162
793.4358195
634.716655
133.4082234
192.1401184
476.5597121
600.268112
592.5684271
329.8187408
973.7388036
638.7485174
547.0698085
75.81499707
57.2070805
858.6653843
779.879551
461.7735843
700.5988351
98.29208932
694.6637411
148.952623
811.1209695
602.6130828
312.6679641
552.101435
301.0552058
13.97191616
286.9821198
293.1082103
996.545224
727.3555462
672.868121
561.2306711
589.63196
502.0693445
978.9604306
0.66750791
953.7581535
718.6269677
716.5339067
946.424122
663.4705885
823.0002149
262.6647423
185.8713502
485.8069593
309.943668
357.9940018
936.0910906
943.8615117
62.92968615
970.9357731
396.0480379
792.2816709
990.2993859
577.5547273
57.82256112
389.9558391
675.5556424
129.9707894
942.5840935
506.9099781
194.2945176
116.031477
64.68073828
60.43862736
341.0916483
149.1249258
721.1653538
639.7540621
256.7307336
469.3901059
654.274209
448.9445503
849.4810602
586.2127569
740.8191458
474.7908176
463.702182
46.77918233
625.1500872
268.9978224
964.8730858
976.5918678
631.2891586
723.6563875
782.2144879
605.2349407
365.0342791
614.2570724
478.3925281
464.3091572
648.2738538
486.3368675
100.3629008
324.3395825
815.4510257
669.8466735
906.234223
223.591657
946.0600349
819.5856499
60.10071901
134.1145312
307.2532859
400.5558744
540.1131966
908.9625504
137.0827679
963.8494343
814.6292586
159.429818
911.5948412
891.6866946
807.1023343
622.264134
407.9426115
529.4835462
292.4408324
394.2108526
200.8756631
268.3321149
145.8882987
134.8687134
711.4118172
193.038152
800.0455677
968.723706
564.1915797
368.8656062
856.4772563
353.3587068
803.9603466
704.3965692
45.41372732
623.2203893
471.8196725
598.423418
630.3815442
266.9572221
148.333419
255.546673
914.1645362
251.2251122
333.2705505
638.160722
718.3184875
864.9904641
950.7113086
511.7671701
580.5328719
625.7429713
843.4386712
936.0629927
942.4527457
762.6630662
851.9830679
856.0094076
785.1450806
671.6723411
961.3822375
155.0937449
10.21334348
523.427562
42.66527653
647.2563151
361.6349891
897.7019165
916.2634891
4.459986739
836.7165954
916.2296776
820.9969931
543.6397816
344.1316327
850.9740774
884.9812064
129.7766053
832.8264003
595.9098208
863.7422397
191.0972826
237.6497634
707.795472
236.0260764
987.9109315
365.8827623
945.0431849
729.2312646
828.3496332
283.4143973
363.6763602
484.0905519
882.2887233
850.1302482
65.498536
362.1718442
608.9805562
801.150845
611.3590993